51990492006287068628437013554140578571912571243150772122337542310957249913037
32123268458643534322428824645597875908815089420587331421230146132572763523893970573925295573541339748508602115262120461865094401532983335587288234236505750844714198897577263166902496968699011439286193996734223220175492684809869683552513960726342080132777493155262167932170624327389062631584049598664294901690

38467810636295164374396881273039753667664300340429453594886090946587894429076
45842053744711931306458774427791399649748017700294673495618915119007024770405045787783522449584956079700301350620205028312381746224235265467012334615147862797779066487828022536062792834130001776230702995731904177436490927148821962823674892261814466892929909079297734248352979946579034013939381626606858703497

34693119540795398286786142288943337869661268769157807502684962254374099232137
23695833084574585957386762511956368043701573240194697994799051824713906403014967951282361338886694412295578536498561154728011074087707340062222434847146330330641305345322667889972656376179599343478304543640417232362946518869528524513612056921503644318791906780269467111943839620136369599532379139826925740190

69569375237900009235386954901519343165214984524420109977405621888513427374321
92237790278408623057502858921380921861600268364724180387789391301150170086504309574097718509153851437854585435123193548333554878228791179709937293170466442408981179183420236274861994761678288212082747004417788275151733594607781821197779540342315483522044047699333084140901582322555051461480994953164738815024

58324828221609577009144071922753628760934049940204268860362647242999880144604
27531704089331528953734697746824057475061053940704450541456729817780628504665396550188832251589877913719027163944549718157321379761463010515930377314577176505801237749503994075464466872751209121616054524393546891689853167180847105373235562872637990215756030706673915838822529450322298369704882343381775462549

